1.000000000000000021e-02 4.774934554525328778e+00
1.028073223830865308e-02 4.519511940382622939e+00
1.056934553557988335e-02 4.277752489801743607e+00
1.086606113854597482e-02 4.048925327644074201e+00
1.117110650504824117e-02 3.832338675021719432e+00
1.148471547840289493e-02 3.627337757945999108e+00
1.180712846666190363e-02 3.433302827847316330e+00
1.213859262690628396e-02 3.249647287982125210e+00
1.247936205471311330e-02 3.075815920062851649e+00
1.282969797894147577e-02 2.911283205749600089e+00
1.318986896198669906e-02 2.755551737929254674e+00
1.356015110565633383e-02 2.608150716979066530e+00
1.394082826282577910e-02 2.468634527468655637e+00
1.433219225503573960e-02 2.336581390997622520e+00
1.473454309619835062e-02 2.211592091096078683e+00
1.514818922258345801e-02 2.093288766333285533e+00
1.557344772926134296e-02 1.981062668711300878e+00
1.601064461318317880e-02 1.873699589810273514e+00
1.646011502308550659e-02 1.772155019779844576e+00
1.692220351641037304e-02 1.676113626330517858e+00
1.739726432343801504e-02 1.585277166508743729e+00
1.788566161883461958e-02 1.499363560545641016e+00
1.838776980082327747e-02 1.418106015898200178e+00
1.890397377819221306e-02 1.341252198762802994e+00
1.943466926536021114e-02 1.268563450488311872e+00
1.998026308572550813e-02 1.199814046455407901e+00
2.054117348353064199e-02 1.134790495120736376e+00
2.111783044448244454e-02 1.073290875049131010e+00
2.171067602537265009e-02 1.015124207875189422e+00
2.232016469295234479e-02 9.601098652469747252e-01
2.294676367231936187e-02 9.080770079102512549e-01
2.359095330508634986e-02 8.588640551913461207e-01
2.425322741760353035e-02 8.139434934543621214e-01
2.493409369951879104e-02 7.727413936774770731e-01
2.563407409296514922e-02 7.336249583719912648e-01
2.635370519267394435e-02 6.964886104845309234e-01
2.709353865732051433e-02 6.612321173085009551e-01
2.785414163241767618e-02 6.277603199514115717e-01
2.863609718508115798e-02 5.959828764966620396e-01
2.944000475100035097e-02 5.658140181665630708e-01
3.026648059395692023e-02 5.371723178284718569e-01
3.111615827824361358e-02 5.099804702192245465e-01
3.198968915434537846e-02 4.841650832946856609e-01
3.288774285825510346e-02 4.596564801412534873e-01
3.381100782480685185e-02 4.363885109146723451e-01
3.476019181541977615e-02 4.142983742985726359e-01
3.573602246065788607e-02 3.933264480008308306e-01
3.673924781802074407e-02 3.734099434100603410e-01
3.777063694539368327e-02 3.543557518770190651e-01
3.883098049059605095e-02 3.362738489007915388e-01
3.992109129748053209e-02 3.191146209863052752e-01
4.104180502904709177e-02 3.028309862931888308e-01
4.219398080805026457e-02 2.873782654516510160e-01
4.337850187558989212e-02 2.727140589703157536e-01
4.459627626819093194e-02 2.587981308996295526e-01
4.584823751389095758e-02 2.455922984316404600e-01
4.713534534786909674e-02 2.330603271332292725e-01
4.845858644816495447e-02 2.211678315253308991e-01
4.981897519205162606e-02 2.098821807353539737e-01
5.121755443364241212e-02 1.991724089639255735e-01
5.265539630332755766e-02 1.890091305202978300e-01
5.413360302965380955e-02 1.793644591932880561e-01
5.565330778427646230e-02 1.702119317365243800e-01
5.721567555063251931e-02 1.610668778206861274e-01
5.882190401699955579e-02 1.515220894111224681e-01
6.047322449462649158e-02 1.425429231022412313e-01
6.217090286163826779e-02 1.340958602504594421e-01
6.391624053344005518e-02 1.261493685197758730e-01
6.571057546036269958e-02 1.186737841736150156e-01
6.755528315331643663e-02 1.116412013420260418e-01
6.945177773823696388e-02 1.050253678508878824e-01
7.140151304013399314e-02 9.880158722425068374e-02
7.340598369757211916e-02 9.294662649399791643e-02
7.546672630843891116e-02 8.743862947268839225e-02
7.758532060787835805e-02 8.225703516583036945e-02
7.976339067929276438e-02 7.738250101902723055e-02
8.200260619934131301e-02 7.279683071348035106e-02
8.430468371788971127e-02 6.848290624031488916e-02
8.667138797389233040e-02 6.442462400016675528e-02
8.910453324821512866e-02 6.279153129896428154e-02
9.160598475443709754e-02 6.214640597342300371e-02
9.417766006869518480e-02 6.150790871821291972e-02
9.682153059967085751e-02 6.087597143599765559e-02
9.953962309984233647e-02 6.025052672907844215e-02
1.023340212191641702e-01 5.963150789220591358e-02
1.052068671023622809e-01 5.901884890546588158e-02
1.081603630310710024e-01 5.841248442723825929e-02
1.111967731120698938e-01 5.781234978722797624e-02
1.143184250129149759e-01 5.721838097956797459e-02
1.175277117462945192e-01 5.663051465599260037e-02
1.208270935044776506e-01 5.604868811908156334e-02
1.242190995452617380e-01 5.547283931557289716e-02
1.277063301308644094e-01 5.490290682974501707e-02
1.312914585212465457e-01 5.433882987686638327e-02
1.349772330233942608e-01 5.391685531609617665e-02
1.387664790981308627e-01 5.442929390713607124e-02
1.426621015260737535e-01 5.494660283618155866e-02
1.466670866343968427e-01 5.546882839208108762e-02
1.507845045861051780e-01 5.599601730362329527e-02
1.550175117335770292e-01 5.652821674371840549e-02
1.593693530381775358e-01 5.706547433361909560e-02
1.638433645577983822e-01 5.760783814718173357e-02
1.684429760042315261e-01 5.815535671516810362e-02
1.731717133723353619e-01 5.870807902958776608e-02
1.780332016430113962e-01 5.926605454808209217e-02
1.830311675620611978e-01 5.982933319834950192e-02
1.881694424970555557e-01 6.039796538261314046e-02
1.934519653744045387e-01 6.097200198213092309e-02
1.988827856988809872e-01 6.155149436174821992e-02
2.044660666579116715e-01 6.213649437449409590e-02
2.102060883130158486e-01 6.086618002843142278e-02
2.161072508808377646e-01 5.761527171103403289e-02
2.221740781062884751e-01 5.453799684464648995e-02
2.284112207303824471e-01 5.162508153644683462e-02
2.348234600554276463e-01 4.886774721918298731e-02
2.414157116103018974e-01 4.625768419546263249e-02
2.481930289186255190e-01 4.378702659506242961e-02
2.551606073727185064e-01 4.144832866978608032e-02
2.623237882163123591e-01 3.923454235443184918e-02
2.696880626390692481e-01 3.713899602624563812e-02
2.772590759860482645e-01 3.515537439884739573e-02
2.850426320853434725e-01 3.327769949003848982e-02
2.930446976972143069e-01 3.150031260613211925e-02
3.012714070881164496e-01 2.981785728851471182e-02
3.097290667331408232e-01 2.822526317104387394e-02
3.184241601504653185e-01 2.671773069963503250e-02
3.273633528715245711e-01 2.541239867317933443e-02
3.365534975507094018e-01 2.419602870922025681e-02
3.460016392185110701e-01 2.303788055691499345e-02
3.557150206821386162e-01 2.193516741664446046e-02
3.657010880777491479e-01 2.088523587955662050e-02
3.759674965785467782e-01 1.988555954278857160e-02
3.865221162631263807e-01 1.893373293029738252e-02
3.973730381485608421e-01 1.802746570467167464e-02
4.085285803928563331e-01 1.716457715599609135e-02
4.199972946715306299e-01 1.634299095450746780e-02
4.317879727332023521e-01 1.556073015441626801e-02
4.439096531392170975e-01 1.481591243687113875e-02
4.563716281924758422e-01 1.410674558062006978e-02
4.691834510607796327e-01 1.343152314946922249e-02
4.823549431001467047e-01 1.278862038616263713e-02
4.958962013837214244e-01 1.217649030280216517e-02
5.098176064420424369e-01 1.162726841493443887e-02
5.241298302206058857e-01 1.111644927624419639e-02
5.388438442608223244e-01 1.062807188252279898e-02
5.539709281106403038e-01 1.016115030376272405e-02
5.695226779712825316e-01 9.714741924680041565e-03
5.855110155867241373e-01 9.287945541774743699e-03
6.019481973827274235e-01 8.879899543992727726e-03
6.188468238624386109e-01 8.489780173316453793e-03
6.362198492657489268e-01 8.116799861772881416e-03
6.540805914998255588e-01 7.760205641501302654e-03
6.724427423484249378e-01 7.419277624671548159e-03
6.913203779678130934e-01 7.093327550183664218e-03
7.107279696773418642e-01 6.781697394215247844e-03
7.306803950529503489e-01 6.483758041811433712e-03
7.511929493320964601e-01 6.198908016835671247e-03
7.722813571388642551e-01 5.956839498644211223e-03
7.939617845382279659e-01 5.745465144643016261e-03
8.162508514287228900e-01 5.541591264263713568e-03
8.391656442830156548e-01 5.344951708356759229e-03
8.627237292461450435e-01 5.155289771892185118e-03
8.869431656014709064e-01 4.972357858841532779e-03
9.118425196146571210e-01 4.795917158951161496e-03
9.374408787662995568e-01 4.625737335985095205e-03
9.637578663841088744e-01 4.461596227030322458e-03
9.908136566858670724e-01 4.303279552472052613e-03
1.018628990244687449e+00 4.150580636260296254e-03
1.047225189888434382e+00 4.003300136102613122e-03
1.076624177045493402e+00 3.861245783230724763e-03
1.106848488549411869e+00 3.724232131401429731e-03
1.137921293915315157e+00 3.592080314803943863e-03
1.169866413101307012e+00 3.464617814557818028e-03
1.202708334768511911e+00 3.380633040694771413e-03
1.236472235053714952e+00 3.298842445556290828e-03
1.271183996869028832e+00 3.219030681415607862e-03
1.306870229743346323e+00 3.141149872693492755e-03
1.343558290220826290e+00 3.065153302106238611e-03
1.381276302832009417e+00 2.990995382642014193e-03
1.420053181653683216e+00 2.918631630215198693e-03
1.459918652473978673e+00 2.848018636982361726e-03
1.500903275579736684e+00 2.779114045303754301e-03
1.543038469183564576e+00 2.711876522334866549e-03
1.586356533508589628e+00 2.646265735232620521e-03
1.630890675549332647e+00 2.582242326961498892e-03
1.676675034527699282e+00 2.519767892684967193e-03
1.723744708063619901e+00 2.458804956728101454e-03
1.772135779080358464e+00 2.399316950097574262e-03
1.821885343465167173e+00 2.351146191884149767e-03
1.873031538506436444e+00 2.316498792480289892e-03
1.925613572129198703e+00 2.282361970551192911e-03
1.979671752951332575e+00 2.248728202029767233e-03
2.035247521183577657e+00 2.215590073726477101e-03
2.092383480396976747e+00 2.182940281695420429e-03
2.151123430182167340e+00 2.150771629624463784e-03
2.211512399725488631e+00 2.119077027249112281e-03
2.273596682327717389e+00 2.087849488789750556e-03
2.337423870891814914e+00 2.057082131411914344e-03
2.403042894406969499e+00 2.026768173709243576e-03
2.470504055456825387e+00 1.996900934208809941e-03
2.539859068780726314e+00 1.967473829898452875e-03
2.611161100917459343e+00 1.938480374775825629e-03
2.684464810961962655e+00 1.909914178418814414e-03
2.759826392466180334e+00 1.881768944577042043e-03
2.837303616516211324e+00 1.860052912708409561e-03
2.916955876018795912e+00 1.842442807747542806e-03
2.998844231231027724e+00 1.824999426966732478e-03
3.083031456568277040e+00 1.807721191899960746e-03
3.169582088726115021e+00 1.790606539025388485e-03
3.258562476153226584e+00 1.773653919623857352e-03
3.350040829913132789e+00 1.756861799638760342e-03
3.444087275973823470e+00 1.740228659537209916e-03
3.540773908965269889e+00 1.723752994172540569e-03
3.640174847446141282e+00 1.707433312648112215e-03
3.742366290721980793e+00 1.691268138182386001e-03
3.847426577258505898e+00 1.675256007975295522e-03
3.955436244734701567e+00 1.659395473075881994e-03
4.066478091781857707e+00 1.643685098251164564e-03
4.180637241455757547e+00 1.628123461856279116e-03
4.298001206490798864e+00 1.612709155705820997e-03
4.418659956385941001e+00 1.608413621092330071e-03
4.542705986374042659e+00 1.604317096739847973e-03
4.670234388327335395e+00 1.600231005967107803e-03
4.801342923653449724e+00 1.596155322200460032e-03
4.936132098237917099e+00 1.592090018933942520e-03
5.074705239490466369e+00 1.588035069729100109e-03
5.217168575554349097e+00 1.583990448214815704e-03
5.363631316739239985e+00 1.579956128087133546e-03
5.514205739240302329e+00 1.575932083109097236e-03
5.669007271207433973e+00 1.571918287110573437e-03
5.828154581230846176e+00 1.567914713988078409e-03
5.991769669310619051e+00 1.563921337704616676e-03
6.159977960380168760e+00 1.559938132289505818e-03
6.332908400455115050e+00 1.555965071838210593e-03
6.510693555481461559e+00 1.552002130512167939e-03
6.693469712958660445e+00 1.546429596095791640e-03
6.881376986415670416e+00 1.536927019099147392e-03
7.074559422819878485e+00 1.527482834007189844e-03
7.273165113001454074e+00 1.518096682010455951e-03
7.477346305177587915e+00 1.508768206504314474e-03
7.687259521663728279e+00 1.499497053075416050e-03
7.903065678861348253e+00 1.490282869488226318e-03
8.124930210614047965e+00 1.481125305671650337e-03
8.353023195026779035e+00 1.472024013705721833e-03
8.587519484845170581e+00 1.462978647808392627e-03
8.828598841495150396e+00 1.453988864322391461e-03
9.076446072885357097e+00 1.445054321702173451e-03
9.331251175078250526e+00 1.436174680500935680e-03
9.593209477938241747e+00 1.427349603357725392e-03
9.862521794868785108e+00 1.418578754984623196e-03
1.013939457675291678e+01 1.414213562373095243e-03

